cam_model: Pinhole # 针孔相机
cam_width: 640 # 图像宽度
cam_height: 480 # 图像高度
scale: 1.0 # 图像缩放因子
cam_fx: 758.3153257832925 # x方向焦距 (gamma1)
cam_fy: 676.6492212772476 # y方向焦距 (gamma2)
cam_cx: 318.27111164892506 # 主点x坐标 (u0)
cam_cy: 239.79816832491474 # 主点y坐标 (v0)
cam_d0: -0.059098218173967695 # 径向畸变系数k1
cam_d1: 0.1793477408661115 # 径向畸变系数k2
cam_d2: 0.0016819528105368057 # 切向畸变系数p1
cam_d3: -0.0005887999624264534 # 切向畸变系数p2
