cam_model: Pinhole
cam_width: 1280
cam_height: 1024
scale: 0.5
cam_fx: 1293.56944
cam_fy: 1293.3155
cam_cx: 626.91359
cam_cy: 522.799224
cam_d0: -0.076160  # radial k1
cam_d1: 0.123001   # radial k2
cam_d2: -0.00113   # radial k3
cam_d3: 0.000251   # radial k4
